1959 25.5126302662496 26.0490805832003 26.3553142437472 25.7188920697142 26.0037605911531 26.2815073995562 26.0743302930551 25.8924028964088 26.2355399790513 25.9649148836842
1960 25.9714655621758 26.1067017159459 25.7014115013532 26.3818588105177 26.1196502851022 25.8082371968928 26.1047594305725 25.9111783216855 25.9862800227921 26.5411262111404
1961 25.793549835184 25.7648594902191 25.7855772008692 25.1588664537035 25.6133612310902 26.2646742596530 24.5159699950922 25.7765132024598 26.2510782620388 24.8733505038066
1962 25.7818448531451 25.1459178845471 25.1750521651488 24.8701133615176 24.9542790610336 24.8390367955424 25.2533910085446 24.7807682343390 24.7652299513514 25.2527435800868
1963 26.9271773456545 26.0956954321630 25.8762171849634 26.0303051579236 26.1779188463057 25.5952332342713 26.3566091006629 25.9985811634907 25.5486183853086 26.0277154440924
1964 25.2311254482133 23.4172839021787 23.6503581469924 24.3120300308802 22.8566108577101 23.2049273680150 24.0433472208866 23.5059816008995 22.9058154205042 24.5179122804657
1965 27.1308440331320 25.62825208562 25.3932355554328 26.1215925704757 25.5900538066088 25.5609195260071 26.2653216881108 25.5706309528743 25.7298983534970 25.8380189059523
1966 25.7443889106205 25.1633984529082 24.5845974116207 25.8289549075429 24.5302134211642 25.3964726977219 25.9195948916371 24.7762362351343 25.0242013344778 25.7635646333035
1967 25.8432960088494 25.0766430395608 25.1038350347891 24.5405722764892 25.1044824632469 24.8319150825064 24.5826551262473 25.2527435800868 25.417190408372 24.9840607700932
1968 26.7129761743421 24.9419779203351 24.6033728368974 25.0481561874169 24.6376865451617 24.7438648122434 24.840331652458 24.5813602693316 24.8124922287719 25.0254961913934
1969 26.2576523730276 25.4469721174315 25.3051852851698 26.2562576897014 25.1854110204739 25.5414966722727 25.8050000546037 24.8578122208190 24.5243865650439 25.7052960721001
1970 25.0262882625320 23.5623078767294 21.5850613665597 23.3978610484442 22.6591451780763 22.7517274475439 24.0051489418755 22.7225931669422 22.5510246256210 23.6658964299800
1971 25.4663955871958 24.2090889060875 24.5328031349954 23.8471763981685 23.8458815412528 24.4505797208528 23.1926262273166 23.9404060960939 24.9167282104803 23.2975096374827
1972 27.4386850607559 26.0600868669832 26.1338937111742 25.6366686555716 26.3080519663267 26.5663759209952 25.7098280713047 26.1131760005240 26.5119919305387 25.800468055399
1973 24.8360823043994 21.4970110962968 21.116323163101 22.5646206232352 21.7268481988214 21.0114397529348 22.5374286280069 21.5436259452595 21.3785316885164 21.8304367520719
1974 26.0065805082925 25.1828213066426 25.5589772406337 25.1051298917047 24.8073128011094 25.5337275307788 24.3929585881072 24.8001910880734 25.6781040768718 24.7043716763167
1975 25.2223467116842 24.5917191246567 25.3796395578187 24.5094957105141 25.3835241285656 25.2164875864490 25.2747561476525 24.8875939298786 25.3168389974105 24.6091996930177
1976 26.6304560509676 25.6450852255232 26.1118811436084 25.7318406388705 25.6891103606546 25.5032983932615 25.6826360760765 26.1915148439198 25.7137126420516 25.7771606309176
1977 26.5836361228119 24.6357442597882 23.3959187630708 26.2912188264235 25.2579230077492 23.9339318115158 26.0367794425018 25.2456218670508 24.4946048559843 25.7862246293270
1978 25.431865890181 24.1119746374151 24.4589962908045 23.6523004323658 24.4143237272152 23.9332843830579 24.0634175030789 24.0530586477539 24.5522259887300 23.9429958099252
1979 26.1675240113279 24.8746453607222 25.7279560681236 25.7007640728953 25.7680966325082 26.0380742994174 25.6055920895964 25.1459178845471 25.3239607104465 25.8283074790851
1980 25.9000651717383 25.9131206070589 25.4366132621064 25.8147114814710 25.5550926698867 25.7765132024598 25.4029469823 25.557682383718 25.8276600506272 25.3712229878670
1981 25.8988946735344 23.5228147408027 23.8970283894203 24.6130842637646 24.351523166807 23.8303432582652 24.2252746175329 24.4700025745873 24.4097917280105 24.5664694148019
1982 26.8762606737852 25.9506714576123 25.5803423797416 25.6418480832341 25.6897577891124 25.8406086197836 25.7344303527018 25.6062395180542 25.5693360959587 25.5602720975493
1983 25.6261685920273 23.7481198441226 25.4987663940568 22.7847462988925 23.3357079164938 24.7704093790139 22.786688584266 24.1482306310529 24.6836539656666 23.6743129999316
1984 25.2036187404219 22.0680429960904 23.0501919665971 23.0838582464035 22.1761635485456 22.6500811796668 23.6419415770408 22.5458451979585 22.5885754761744 22.7277725946047
1985 25.8415402615436 23.9656558059488 24.6940128209916 24.1197437789089 24.7406276699544 24.8325625109642 24.6215008337163 24.5308608496221 25.0300281905981 25.0209641921887
1986 26.4168401287571 25.0488036158748 24.8312676540486 25.9053514655652 25.0941236079219 24.7878899473749 25.6535017954748 24.8908310721677 24.6137316922225 25.9804531666718
1987 27.7728622979673 24.5166174235501 25.0423293312966 24.2019671930515 23.7532992717851 25.1090144624516 24.3936060165651 24.5146751381766 24.5813602693317 24.4952522844421
1988 23.6831415735646 22.0104218633447 22.06221613997 23.4321747567084 22.0421458577777 22.3775137989264 23.3104582066391 22.1004144189811 21.5365042322235 23.7209278488943
1989 25.7601906363731 25.336261851145 25.1018927494156 24.4324517240340 25.0151373360683 25.0248487629356 24.7555185244842 25.0397396174653 25.0675790411514 24.6370391167038
1990 26.1347500616189 25.7894617716161 25.2268464417741 25.9059988940230 25.6496172247279 25.1051298917047 26.0341897286705 25.9441971730341 25.5000612509724 25.9357806030825
1991 26.7755978282503 26.2588474035326 26.1429577095836 25.9047040371074 26.0018183057798 25.9849851658765 25.7014115013532 26.3009302532907 25.8924028964088 26.5236456427793
1992 25.4927317967835 24.9206127812272 26.542421068056 24.9387407780461 25.6017075188495 25.4553886873831 25.1828213066426 25.1116041762829 25.5363172446101 25.5000612509724
1993 26.0803218951378 24.0090335126224 26.0225360164299 25.0598098996576 25.2054813026662 26.1843931308838 24.9626956309852 25.4068315530469 25.7033537867266 24.7988962311578
1994 26.0826628915456 25.083117324139 25.4702795419129 24.3515231668071 25.1090144624516 25.6327840848247 24.9419779203351 24.9937721969604 24.8092550864828 25.1167836039454
1995 25.4031886841856 22.7763297289409 23.9391112391783 23.9080346732031 23.2677279284232 23.8355226859277 23.6866141406301 22.2991749555306 24.0401100785976 23.6924409967505
1996 25.9679540675641 23.9086821016609 23.381027908541 24.5230917081282 23.5687821613076 23.5467695937418 24.1857814816062 23.7785489816400 23.3253490611688 24.0278089378991
1997 28.1304494992567 26.5676707779108 25.2734612907369 26.17662398939 26.2413668351716 25.6904052175703 26.876494152289 26.0141194464782 25.6722772207514 26.1092914297772
1998 23.3940285172030 22.3962892242030 24.2226849037016 21.8414430358548 22.1981761161114 23.7015049951598 23.3907393354082 21.9774030119961 23.7597735563633 22.6630297488232
1999 24.9724453451529 22.5736846216446 22.0609212830544 22.9614942678763 22.7821565850613 21.2950134174582 23.9138615293235 22.0537995700184 22.3982315095765 23.2185233656292
2000 25.8655354747235 24.2492294704721 24.5897768392833 24.6758848241728 24.1009683536323 24.9316190650101 24.864933933855 23.6160444387282 24.2401654720626 24.9257922088897
2001 26.2640901131491 24.7717042359295 23.7494147010382 25.3861138423968 24.2880751779410 24.6480454004867 25.3200761396996 25.1931801619677 24.7762362351343 25.5706309528744
