1959 25.5126302662496 25.5812216841097 25.4850680255810 25.8961410489553 26.1645969009547 26.1271679600509 25.9832601355416 25.6780206692056 26.0658619361568 25.6896365474172
1960 25.9714655621758 25.4669988816964 25.1346556995337 25.2475878488123 25.4018208983985 25.2585584004565 25.3934316530235 24.8945942164956 25.4476390846773 25.3411602010717
1961 25.793549835184 24.6971242868999 26.1929912699162 26.0529554048107 25.9684176244936 25.5057184757349 25.3347069353987 24.3570371859295 23.9530627547956 24.0853547010934
1962 25.7818448531451 24.3092830199487 24.3673624110064 24.8081204564766 24.6112958534482 24.2808886509873 24.2447503632181 24.2899232229296 24.0311472694397 23.7297797625076
1963 26.9271773456545 25.5412114369367 25.6980257927922 25.7715930214651 25.8587121080515 25.7638491026574 25.9051756208975 25.5031371694656 25.6831832817441 25.9380872758301
1964 25.2311254482133 21.8163864904441 22.2810216189047 22.5404428989619 22.6043302291252 22.633369924654 21.8421995531364 22.1074287722993 22.4152495449044 21.8131598576076
1965 27.1308440331320 25.6354291157634 25.2824354834468 25.6902818739845 25.4411858190042 25.4095648172062 25.7832088996766 25.8677466799938 25.941959235234 26.2452627218680
1966 25.7443889106205 24.7132574510826 24.2892778963623 23.9750038580841 23.4632598902101 24.8862049711207 24.2240999130643 24.9326684839667 25.5360488243982 25.5128170679752
1967 25.8432960088494 25.0907734929568 25.4882946584176 25.4889399849849 25.2772728709084 24.8629732146977 25.301795280466 25.0559258583223 24.7210013698902 24.6700205710731
1968 26.7129761743421 23.8820768323919 24.1001972121415 24.1879616252951 24.3893035142947 24.2615288539681 24.3396133686122 24.4299590880350 24.383495575189 24.3415493483141
1969 26.2576523730276 25.1004533914664 23.7775339284883 24.5764482188136 24.5506351561214 24.6106505268809 25.3766531622736 25.4728068208022 26.7292576473478 26.4362793857907
1970 25.0262882625320 22.9799102912975 23.4051804991525 23.8523918102958 23.1464045456626 23.9027272825458 23.7278437828057 24.5241767668618 24.6003253018039 25.0610884708607
1971 25.4663955871958 24.6435621818135 24.8829783382841 24.9145993400822 25.1017440446010 24.3299334701026 25.1230398213222 23.7846325207286 24.5177235011888 24.3299334701026
1972 27.4386850607559 26.8834906969341 26.6563357452422 27.0609555029433 26.8641308999149 26.9338261691839 26.9054318002225 26.5072653081944 26.9828709882992 26.6331039888191
1973 24.8360823043994 22.1274338958858 21.9002789441939 21.6582814814540 21.7847654886461 21.6569908283194 22.1267885693185 23.0586401325090 22.3603967866834 22.8398744261921
1974 26.0065805082925 25.4979745569271 26.1084534895991 25.4205353688504 25.6954444865229 25.5683151527636 25.0339847550339 25.0436646535434 25.3747171825717 25.326963016591
1975 25.2223467116842 24.1150397231895 24.0395365148147 24.1879616252951 24.7455237794479 23.8659436682093 23.6807349433923 23.3993725600467 23.8465838711900 24.4822305399869
1976 26.6304560509676 26.4859695314733 26.2020258418585 26.4311167732523 26.6789221750979 26.0865123863106 26.5343690240213 26.628586702848 26.3633574836851 26.2355828233584
1977 26.5836361228119 25.2024149891009 23.2535287558355 23.056704152807 22.8850472859035 25.0559258583223 25.0630244505626 26.5866404759731 26.4724176735598 26.8512243685688
1978 25.431865890181 22.7553366458749 23.5135953624600 23.3316132704796 23.5697387738156 23.4419641134890 23.0934877671435 23.9640333064398 24.0492164133243 23.9466094891226
1979 26.1675240113279 24.7519770451210 24.6584046928615 24.5028809901407 24.2202279536605 25.3953676327255 24.9120180338130 25.5592805808213 26.1155520818394 26.2981795003871
1980 25.9000651717383 26.3581948711466 26.685375440771 26.8047608557227 26.0632806298876 26.0316596280896 25.8896877832822 25.8103126155035 25.3960129592928 25.4405404924369
1981 25.8988946735344 24.5900000767271 22.9934621492110 23.4103431116909 23.4768117481235 23.2102918758259 23.4135697445275 24.5758028922463 24.1808630330548 23.6420153493539
1982 26.8762606737852 26.0981282645221 25.7373907133979 25.9806788292724 26.2517159875410 26.1000642442241 25.7457799587729 25.5708964590328 25.3869783873505 25.1862818249182
1983 25.6261685920273 25.6134880124750 25.7290014680229 26.8028248760207 26.0290783218204 25.4282792876581 26.3310911553198 25.893559742686 25.8012780435612 24.6229117316597
1984 25.2036187404219 24.7390705137748 23.6458873087578 23.928540345238 23.8278694007382 24.4357670271408 24.5835468110540 25.4353778798985 25.4844226990137 24.5912907298617
1985 25.8415402615436 24.606778567477 25.1017440446010 25.3637466309274 25.0739950022069 24.6209757519578 25.2017696625335 24.4267324551985 23.9543534079302 24.1911882581317
1986 26.4168401287571 24.6829271024192 23.9078898950842 24.0214673709301 24.0911626401992 24.6377542427077 24.6016159549386 24.8274802534958 25.3334162822641 24.6571140397269
1987 27.7728622979673 27.0344971136838 26.8725201452899 26.2646225188872 26.8066968354246 27.211961919693 26.7266763410786 26.2530066406757 27.0390143996549 25.9929400340512
1988 23.6831415735646 23.5439257111233 22.8392290996247 23.7130012717577 22.9902355163745 23.9640333064398 24.0930986199011 23.4193776836332 23.9420922031514 23.2812777982297
1989 25.7601906363731 24.9500923012840 25.4044022046677 24.8048938236401 25.2462971956777 25.5166890273791 25.0391473675723 24.9533189341205 25.2585584004565 25.2482331753796
1990 26.1347500616189 25.2030603156682 24.6390448958423 24.85522929589 25.0346300816012 25.5650885199270 25.4340872267638 24.4415749662465 24.7539130248229 24.1969961972375
1991 26.7755978282503 25.487004005283 25.9432498883686 25.8277364328208 26.3207659302429 26.0258516889838 27.0738620342894 26.4885508377425 25.8600027611861 26.0716698752626
1992 25.4927317967835 26.3123766848679 25.933569989859 26.19686322932 26.0497287719742 26.948668680232 26.3304458287525 26.4595111422137 26.6666609703191 26.1000642442241
1993 26.0803218951378 26.6124535386654 27.1777596116258 27.468801893481 27.117098914299 26.2549426203776 26.5124279207329 25.5631525402251 26.1917006167816 26.2704304579930
1994 26.0826628915456 25.5308862118598 24.9145993400822 26.0155264639069 24.9391217496398 25.5431474166386 25.5379848041002 25.1682126810336 25.6205866047154 25.3843970810813
1995 25.4031886841856 22.576581186731 23.1812521802972 22.2745683532316 22.2319767997894 22.8424557324613 22.6933852954135 24.3409040217468 23.8123815631228 24.2260358927662
1996 25.9679540675641 24.1414981124491 24.6990602666019 24.9888118953224 24.64678881465 23.9278950186707 24.3867222080255 23.8427119117862 24.0343739022762 24.1369808264780
1997 28.1304494992567 28.1044485622778 27.6372321275479 27.7159619687593 27.5946405741057 27.7508096033939 27.57205414425 28.0650836416721 28.1321976046719 28.3961361707003
1998 23.3940285172030 24.9617081794955 24.7881153328901 25.8490322095419 23.9530627547956 23.8104455834209 24.5054622964099 22.9508705957688 22.6391778637598 24.1879616252951
1999 24.9724453451529 24.8248989472266 24.0956799261704 24.5312753591022 24.0963252527376 24.7442331263133 24.3699437172756 25.0675417365338 24.3641357781698 24.6132318331501
2000 25.8655354747235 25.6528529330807 25.9548657665801 25.7302921211575 25.9387326023975 25.8948503958206 25.8567761283495 25.8671013534264 25.9600283791186 25.6593061987538
2001 26.2640901131491 25.2327453377642 25.3695545700332 25.141754291774 24.6093598737463 25.4766787802060 25.3947223061581 25.6838286083114 26.0400488734646 25.9277620507532
