1959 25.5126302662496 25.8763154990468 26.340689519633 25.8593580207669 26.4202592254076 26.3811265832234 26.5096120917282 25.8939251880296 26.1567661013671 25.3206319800306
1960 25.9714655621758 26.4150415397830 26.5937472724244 26.710492988274 26.1548094692579 26.423520278923 26.4476520749366 26.7065797240556 26.5617889479739 26.7039708812433
1961 25.793549835184 26.2043774826913 26.4496087070457 26.5396137840695 26.7881060619394 27.0679044535567 26.9615941089561 25.3786787326039 25.3304151405767 25.6154312178185
1962 25.7818448531451 26.1111113521521 26.1150246163706 25.8645757063915 26.0674132350464 26.1730713689439 26.0511079674696 26.2102473790189 25.8026156895997 25.9154481412310
1963 26.9271773456545 26.9778993765329 27.0646434000413 26.6791868745266 26.7894104833455 26.6765780317143 27.0418160254338 26.8898509316184 27.3405285274401 27.2270438651059
1964 25.2311254482133 24.6645080127416 24.8438659560861 24.5158039724416 25.1171422406726 25.0180062138058 24.9162613441269 24.8888684945979 25.3356328262012 24.9964832606046
1965 27.1308440331320 26.6094003292981 26.4933068241515 26.2735118172167 26.0100186931762 26.3472116266637 26.1182856698859 26.8755022961508 26.6380976002332 26.7052753026494
1966 25.7443889106205 26.0158885895038 25.9415365693538 25.9121870877156 25.3532425151841 25.2873692341740 25.1491005651230 26.9439844199732 27.1272556275361 26.7744096371749
1967 25.8432960088494 26.2689463422952 26.5539624195371 26.4202592254076 26.1176334591829 26.2832949777628 26.2076385362066 25.7047840841392 25.8013112681937 25.8847942381867
1968 26.7129761743421 26.2924259276057 26.1150246163706 25.9891479506779 25.943493201463 25.6871743951563 25.9819736329442 26.3798221618172 26.2656852887799 26.2859038205751
1969 26.2576523730276 26.2285092787048 26.0504557567666 25.9969744791148 26.1965509542544 25.8639234956884 26.1065458772306 26.1887244258176 26.2800339242474 26.1913332686298
1970 25.0262882625320 24.7982112068711 24.7310335044548 24.6012435745438 25.0023531569322 24.8164731065571 23.9594682427224 25.7465255691357 26.1052414558245 25.8534881244393
1971 25.4663955871958 25.8104422180366 25.6839133416409 25.6565204921120 25.7817449471015 25.8202253785827 25.7719617865554 25.0845317055191 25.3525903044811 25.1627969898876
1972 27.4386850607559 27.4872759356310 27.3835744338428 27.3470506344709 27.3894443301705 27.2472623969011 27.1644316376111 27.2981348317405 27.2087819654199 27.1579095305804
1973 24.8360823043994 24.1916552530155 24.3990582565919 24.7186415010965 24.1231731291931 24.3749264605783 24.2666594838686 24.4160157348717 24.4818890158819 24.6945097050829
1974 26.0065805082925 26.2663374994829 26.4130849076738 26.3537337336944 26.433303439469 26.2845993991689 26.2226393823772 26.2715551851075 26.2767728707320 25.9441454121661
1975 25.2223467116842 25.9304489874016 25.8404439103779 25.5365137227470 25.6519550171905 25.5456446725900 25.3845486289316 25.7256548266374 26.0798052384047 25.8300085391288
1976 26.6304560509676 26.6315754932024 26.6726647674959 26.7920193261578 26.4835236636054 26.183506740193 26.5963561152366 26.8076723830315 26.6080959078919 26.6433152858577
1977 26.5836361228119 26.7209283595231 26.0654566029372 26.4737405030594 25.158231514966 25.1999729999626 24.9175657655330 27.4774927750850 27.5329306848460 27.5531492166411
1978 25.431865890181 25.6963053449992 25.7921803183506 25.9408843586507 25.9069694020911 25.8587058100638 25.6865221844532 25.4504219099417 25.5495579368084 25.8267474856134
1979 26.1675240113279 26.7059275133525 27.0150753866079 26.7515822625674 26.2200305395649 26.2454667569847 26.4783059779809 27.0300762327786 27.1363865773791 27.5929340695284
1980 25.9000651717383 26.7946281689701 26.8194121756868 27.0757309819935 27.680982514443 27.2133474403414 27.2772640892423 26.5428748375849 26.3504726801791 26.5487447339125
1981 25.8988946735344 25.8476182281116 25.8489226495178 25.7034796627331 25.9154481412310 25.4347688530680 25.7034796627331 26.0354549105959 25.6806522881256 25.9050127699819
1982 26.8762606737852 27.4090106512626 27.3770523268121 27.5485837417197 27.7709875914667 27.8740368825519 27.9496933241081 27.4637963503205 27.2133474403414 27.1879112229216
1983 25.6261685920273 25.4249856925219 26.913982727632 26.6967965635095 26.9922480120005 27.6131526013236 27.0535558180891 25.3323717726859 25.8515314923301 25.1067068694235
1984 25.2036187404219 26.4398255464997 26.5454836803971 26.3837354260356 25.6571727028150 25.5710808900097 25.471944863143 26.1195900912921 26.3602558407251 25.7934847397568
1985 25.8415402615436 26.5957039045336 26.3641691049435 26.4339556501721 26.7444079448337 26.7411468913183 26.8689801891201 26.2082907469097 26.2187261181588 25.9252313017770
1986 26.4168401287571 26.9420277878640 26.8350652325605 26.9459410520824 26.6576639213253 26.4143893290799 26.627662228984 26.9576808447378 27.0633389786352 26.8109334365469
1987 27.7728622979673 25.795441371866 26.3243842520562 26.1776368438653 26.3211231985409 25.7432645156204 26.1580705227732 26.7913671154547 27.0731221391812 26.9218092560689
1988 23.6831415735646 24.8269084778062 24.9469152471712 24.9384365080313 24.4603660626806 24.8373438490553 24.8314739527277 25.952624151306 25.9395799372446 25.9943656363025
1989 25.7601906363731 26.1280688304320 26.2402490713601 26.1756802117561 25.8013112681936 25.7810927363985 25.8078333752243 25.6480417529721 25.9917567934902 25.7419600942142
1990 26.1347500616189 26.6707081353867 26.96028968755 26.8311519683421 26.4959156669638 26.1078502986368 26.1822023187868 26.4183025932984 26.4469998642335 26.4528697605611
1991 26.7755978282503 27.3659647448599 27.1859545908124 26.8291953362328 27.3679213769691 26.9778993765329 27.0405116040277 27.0476859217615 27.0731221391812 26.9198526239596
1992 25.4927317967835 25.6402152245352 27.2270438651059 26.6648382390591 28.1407910601077 28.0214365014458 27.9444756384835 25.3023700803446 25.6610859670335 25.6297798532861
1993 26.0803218951378 27.7585955881084 26.978551587236 27.7918583339650 26.6876656136665 26.8865898781031 26.4743927137624 26.5187430415712 27.8538183507567 26.8422395502942
1994 26.0826628915456 26.5122209345406 26.7633220552227 26.8109334365469 27.1768236409694 26.7313637307723 26.6752736103082 26.3041657202610 25.9832780543503 26.5043944061037
1995 25.4031886841856 25.3219364014367 25.1327952975463 25.0897493911436 26.7241894130385 26.3798221618172 26.8096290151407 25.2156260568363 25.0499645382563 24.9390887187344
1996 25.9679540675641 26.3269930948685 26.4443910214212 26.5337438877419 25.5208606658733 25.6043436358663 25.3069355552661 27.0724699284781 27.2276960758089 27.1155158348808
1997 28.1304494992567 28.152530852763 28.1042672607358 28.5092901073426 27.7846840162312 27.5114077316446 27.6353277652281 28.7369116427142 28.5073334752334 28.577772231165
1998 23.3940285172030 23.9196833898351 24.1075200723194 24.6116789457929 25.2749772308157 25.7041318734361 25.9891479506779 25.0003965248230 25.0643131737239 24.4271033168239
1999 24.9724453451529 25.9219702482617 26.0915450310600 26.1032848237153 25.3167187158122 25.471944863143 25.5097730839211 26.1685058940224 26.2376402285478 25.9780603687258
2000 25.8655354747235 26.8807199817754 27.0072488581711 26.8741978747447 26.7320159414753 26.4965678776668 26.5865729546906 26.6700559246836 26.7744096371749 26.8885465102122
2001 26.2640901131491 27.4383601329007 26.9681162159869 27.1963899620615 27.2524800825256 26.8891987209153 26.8931119851338 27.3007436745528 27.1657360590173 27.2563933467441
